5
7
15
34
43
41
44
47
49
51
48
55
75
131
156
159
157
155
163
174
164
160
154
144
139
136
141
129
125
121
102
98
89
85
100
122
128
173
169
152
153
183
184
193
188
170
167
192
198
225
237
245
266
248
216
221
222
218
211
187
178
171
181
162
149
145
147
148
146
158
172
185
190
179
142
113
197
215
212
207
205
202
208
201
195
196
224
233
251
250
244
239
240
234
232
219
210
194
203
186
200
165
283
292
300
301
311
303
299
288
280
273
257
259
274
276
285
275
304
305
312
313
334
332
360
348
317
327
321
323
319
315
316
306
297
282
291
281
289
296
284
278
272
271
269
286
255
365
401
369
362
333
352
345
355
350
366
357
354
361
367
370
388
387
411
396
439
429
424
425
426
415
433
434
440
443
435
456
467
459
422
421
431
420
418
391
390
382
376
374
371
338
359
380
381
389
397
417
414
413
412
402
385
511
517
560
613
595
602
601
594
536
522
501
502
510
494
481
461
453
454
455
472
475
488
489
482
483
503
495
496
484
490
497
523
524
486
477
463
478
498
518
512
504
485
476
449
447
419
423
408
394
409
416
436
457
450
462
448
468
618
578
579
587
580
567
548
540
530
537
543
531
513
487
519
541
549
629
639
656
661
665
737
707
681
640
793
776
907
1011
1063
1113
1275
1254
1283
1321
1320
1329
1233
1223
1199
1188
1168
1153
1178
956
807
692
662
744
710
683
703
709
657
645
630
605
596
571
575
469
506
609
586
1102
1483
1534
1558
1524
1555
1735
1587
1625
1303
1633
1638
1627
1823
1614
1594
1789
1798
1469
1482
1419
1425
1398
1411
1410
1397
1385
1371
1384
1312
1317
1335
1346
1396
1418
1446
1455
1468
1473
1429
1441
1497
1517
1529
1545
1528
1556
1562
1576
1572
1247
1280
1297
1266
1258
1261
1278
1318
1314
1332
1311
1295
1287
1271
1257
1250
1216
1200
1183
1184
1239
1210
1197
1224
1175
1162
1158
1091
1137
1090
1030
1031
1032
963
903
832
877
833
804
731
700
654
460
473
325
238
143
91
137
228
268
261
253
247
229
214
209
213
151
150
140
78
74
73
58
71
63
62
14
17
18
21
27
30
32
46
50
52
57
65
68
59
53
54
56
61
38
37
33
23
10
6
4
2
1
79
87
138
191
236
356
1630
1631
1659
1669
1671
1660
1651
1770
1758
1732
1734
1725
1724
1664
1677
1652
1588
1583
1577
1496
1503
1507
1557
1579
1561
1613
1590
1592
1600
1593
1622
1569
1574
1566
1571
1573
1582
2595
2506
2578
2602
2643
2658
2876
2909
2921
2854
2756
2795
2813
2739
2714
2657
2627
2369
2424
2351
2413
2368
2358
2310
2303
2273
2276
1908
1924
1935
1964
1969
1992
1911
1914
1919
1932
1946
1939
2087
2084
2067
1990
1973
1960
1952
1930
1901
1910
1922
1918
1912
1906
1905
1959
1951
1938
1967
1958
2009
2082
2083
2243
2173
2292
1854
1848
1865
1825
1817
1787
1768
1465
1444
1421
1416
1407
1402
1390
1414
1359
1356
1369
1383
1393
1400
1401
1438
1453
1443
1480
1470
1463
1459
1479
1478
1495
1499
1462
1071
1038
1007
994
1013
1006
717
743
767
768
750
716
698
591
550
568
584
597
625
569
585
574
558
542
572
676
648
598
612
627
539
538
532
507
458
441
611
616
652
742
720
766
666
651
634
624
606
583
557
765
764
751
699
694
687
1068
1119
1069
1142
1154
1131
1027
1209
1192
1219
1218
1191
1167
1148
1129
1115
1022
1005
824
1036
1100
1099
1130
1084
1101
1060
1037
911
781
713
695
674
678
714
664
696
697
715
741
675
647
561
705
811
855
896
869
870
897
902
939
940
941
942
953
972
993
1174
1193
1105
1155
1333
1350
1399
1436
1445
1452
1427
1456
1519
1525
1515
1521
1567
1536
1526
1487
1476
1458
1457
1437
1387
1376
1389
1249
1253
1256
1338
1344
1355
1392
1406
1486
1494
1493
1492
1513
1502
1504
1518
1520
1514
1535
1554
1626
1658
1657
1646
1597
1584
1491
1475
1464
1759
1750
1749
1777
1764
1771
1808
1803
1810
1814
1826
1822
1815
1816
2101
2198
2197
2107
2103
2098
3056
3040
3055
2849
2692
3023
3031
3100
2967
2888
3480
3637
3678
3865
4003
4158
4088
4014
3997
3928
3704
3715
3705
3650
3719
3777
3666
3535
3224
3135
3171
3379
3564
3689
3849
3909
4352
4349
4348
4315
4395
4486
4622
4979
5531
5395
4822
4682
4724
4681
4204
4063
4152
3892
3810
3814
3756
3563
3742
3908
3952
4039
4106
4151
5121
5168
5304
5858
5724
5896
6260
6378
6115
6880
6903
6953
6978
7070
7071
7046
7163
7073
7101
7107
7157
7227
7260
7681
7662
7645
7624
7552
7572
7421
7328
7309
7229
7234
7284
7310
7343
5835
5838
5869
5870
5796
5795
5757
5828
5861
5872
5875
5898
5927
6550
6443
6465
6490
6521
6567
6642
6514
6542
6494
6592
6612
6725
6906
7011
7128
7060
6972
6883
6908
6887
6845
6866
6995
6960
6616
6793
6721
6637
6541
6484
6548
6613
6661
6700
6740
6337
6429
6440
6336
6300
6247
6354
6382
6439
6335
6051
5923
5799
5620
5534
5533
5367
5336
5617
5750
5673
5509
5366
5313
5274
5209
5050
4983
4824
4552
4568
4487
4324
4366
4466
4528
4982
5062
5117
5693
5730
5672
5836
5833
5831
6564
6641
6679
5921
6019
6055
6188
6266
6105
6433
6409
6438
6392
6338
6381
6153
6121
6097
6074
6020
5922
5694
5581
5582
5020
4993
4985
4884
4986
4921
4826
4865
4757
4696
4626
4801
4932
4963
5097
5138
5246
5369
5370
5436
5536
5440
5343
5205
4955
4857
4758
4468
4397
4470
4292
4267
4272
4252
4185
3994
4067
4090
4189
4206
4251
4319
4369
4467
4571
4687
4796
4797
4892
4922
4961
4962
4998
5028
5063
5105
5057
5021
4999
5053
5139
5248
5174
5099
4924
4827
4798
4768
4727
4804
4688
4869
4889
4923
5098
5070
5118
5065
5000
4987
4989
5059
5061
5052
5069
5204
5173
5247
5375
5337
5368
6103
6154
6213
6390
6383
6461
6385
6331
6117
6099
6488
6485
6405
4396
4473
4489
4488
4368
4254
4128
4093
3953
4155
4266
4265
4276
4331
4332
4353
4370
4427
4490
4433
4599
4726
4862
4806
4760
4686
4549
4579
4569
4529
4426
4205
4154
4043
4046
3971
3884
3690
3668
3651
3366
3289
3286
3454
3446
3537
3597
3698
3499
3669
3692
3707
3693
3538
3658
3579
3516
3486
3439
3428
3381
3356
3287
3277
3398
3402
3565
3725
3734
3759
4268
4112
4044
3843
3743
3747
4214
4131
4073
4051
3972
4005
4002
3800
3822
3796
3358
3504
3523
3500
3442
3457
3145
3259
3132
3127
3322
3304
3320
3357
3131
3159
3443
3445
3797
3783
3847
3764
3781
3763
3799
3850
3827
3887
3869
4017
4113
4018
4550
4293
4236
3932
3888
1966
1957
1928
1929
1861
1850
1842
1843
1839
1851
1882
1847
1852
1829
1813
1801
818
841
847
872
846
753
949
926
917
779
788
783
1012
970
955
975
962
976
958
954
923
924
995
991
974
990
1047
1049
1058
1106
1121
1143
1160
1140
1122
978
987
980
1000
946
947
927
920
913
901
873
860
856
845
829
799
803
849
827
848
842
825
802
800
771
778
784
772
782
795
809
815
786
773
763
693
688
780
810
843
844
814
871
914
950
977
998
1014
1024
1029
1048
1053
1044
1015
1046
1074
1104
1134
1157
1166
1228
1225
1207
1195
1198
1214
1230
1211
1238
1222
1226
1277
1294
1296
1292
1229
1260
1308
1315
1324
1339
1368
1343
1302
1057
1067
1055
961
992
971
642
643
622
623
590
632
633
581
582
686
704
712
719
892
861
999
1082
1156
1234
1145
1056
925
787
746
797
812
733
762
761
740
745
730
826
910
1020
1083
840
857
899
935
909
752
828
850
882
885
968
985
1103
1133
1123
1114
1132
1120
1264
1284
1301
1150
1052
1064
721
749
729
728
798
808
794
727
739
821
874
867
866
830
777
711
672
533
525
515
479
471
505
527
528
725
689
669
670
690
682
691
708
738
806
839
853
770
653
641
133
610
615
635
621
660
620
726
718
599
614
671
545
817
854
908
1206
1182
1189
1373
1367
1360
1448
1449
1484
1727
1736
1748
2325
2330
2337
2448
2485
2621
2606
2775
2824
2872
3022
3308
3437
3413
3219
3223
3544
3497
3515
3436
3479
3618
3547
3218
3327
3355
3335
3478
3453
3278
3156
3232
3169
3155
3339
3377
3534
3543
3687
3816
3807
3775
3912
3926
3991
3808
4157
3992
4105
4274
4263
4344
4422
4462
4362
4461
4647
4721
4675
4620
4646
4589
4567
4492
4522
4460
4389
5017
5091
5092
3741
3728
3677
2512
2384
2385
2183
2168
2121
2108
2142
2122
2114
2106
2078
2036
1920
2102
2095
2094
1797
1766
1767
1780
1781
1802
1782
1762
1761
1754
1752
1715
1700
1729
1730
1702
1699
1685
1691
1675
1708
1751
1712
1667
1656
1636
1552
1565
1564
1563
1540
1485
1442
1531
1551
1559
1244
1220
1221
1227
1194
1039
1040
1023
1072
1073
1008
1076
1818
1870
1903
2031
2044
2046
2220
2314
2320
2357
2402
2399
2412
2423
2449
2397
2388
2367
3032
3072
3078
3482
3426
3545
3160
3080
3267
5727
6190
5951
5811
5674
5801
5623
5437
5618
5583
5587
5619
5753
5924
6052
6156
6239
6267
6462
6215
6155
6214
6021
5946
5864
5206
5400
5249
5054
5338
5947
6240
4604
4493
4548
4655
4320
4321
4428
4438
4531
4295
4372
4188
4377
4351
4296
4400
4491
4540
4545
4598
4631
4494
4405
4375
4435
4374
4693
4737
4700
4583
4551
5141
5066
5140
4897
4959
4888
4859
4803
4761
4736
4702
4729
4694
4735
4893
4800
4759
4690
4625
4799
4858
4825
4689
4594
4501
4398
4530
4290
4350
4401
4402
4269
4015
4068
4181
4182
4230
4045
3885
3735
3670
3694
3717
3672
3440
3441
3542
3638
3621
3620
3507
3483
3314
3269
3164
3082
3109
2929
2908
2976
3020
3021
2989
2991
3008
3158
3231
3239
3227
3288
3319
3326
3421
3337
3324
3463
3419
3726
3787
3817
3871
3886
3784
3826
4016
4132
4232
4234
4159
4575
4762
4956
5142
3456
3444
3418
3731
3823
3750
3786
3815
3890
3944
3954
4048
4075
4094
4323
4322
4184
4114
4072
4211
4233
4210
4095
3895
3818
3897
3813
3812
3811
3720
3729
3460
3484
3580
3566
3517
3455
3367
3318
3317
3271
3226
3225
3270
3303
3244
3316
3315
3217
3258
3179
3157
2907
2898
2899
2672
2713
2754
2762
2770
2773
2793
2812
2831
2794
2732
2771
2874
2930
2705
2755
2687
2601
2589
2594
2559
2558
2541
2516
2577
2610
2635
2669
2682
2630
2560
2525
2517
2505
2483
2467
2441
2398
2468
2403
2547
2590
2616
2641
2651
2673
2683
2706
2642
2833
2959
3161
3228
3110
3070
2875
2832
2656
2738
2806
2753
2681
2650
2617
2626
2655
2654
2680
2694
2708
2721
2766
2789
2752
2741
2751
2851
3007
3285
3397
3416
3619
3691
3779
3866
3941
3883
3667
3845
3940
3958
4042
4107
4066
4229
4216
4271
4289
4264
4127
4065
4089
4108
4041
3846
3820
3716
3706
3582
3596
3851
3882
3939
4228
4250
4318
4623
4730
4756
4755
4425
4725
4728
4953
5096
5282
5460
5589
5701
5749
5863
5798
5830
5508
5615
5812
5748
5755
5829
5862
5902
5931
5982
5897
5901
5926
5956
6018
6049
5807
5945
5988
6048
6029
6327
6339
6410
6334
6236
6027
6073
5920
6072
6124
6186
6185
6263
6116
6017
5859
5827
5860
5613
5507
5256
5396
5433
5243
5203
5067
4683
4794
4981
4980
4855
4754
4064
3757
3679
3425
3400
3238
3172
3102
3108
3006
2960
2920
2853
2838
2776
2731
2719
2783
3019
2839
2689
2686
2647
2509
2500
2540
2555
2567
2481
2431
2365
2355
2329
2272
2109
2086
2051
2037
2007
1961
1945
1931
1944
1913
1907
1898
1880
1867
1857
1878
1855
1866
1883
1893
1875
1846
1819
1809
1692
1788
1841
1868
1891
1902
1921
1953
1963
1968
1962
1982
1991
2005
2018
1974
1933
1923
1936
1899
1895
1869
1856
1879
1884
1892
1896
1934
1954
1983
1995
2008
2022
2030
2042
2032
2023
1977
1975
1993
1984
1970
2038
2052
2104
2119
2125
2170
2124
2062
1994
1947
1987
2006
2015
2058
2072
2071
2069
2074
2080
2068
2088
2079
2061
2063
2060
2131
2169
2302
2360
2386
2411
2419
2420
2463
2464
2465
2439
2432
2387
2476
2472
2489
2494
2504
2634
2648
2671
2623
2625
2665
2834
2811
2864
2748
2784
2873
2933
2942
3147
3207
3302
3536
3567
3602
4273
4316
4317
4096
4153
4249
4630
4654
5171
5335
5399
5479
5398
5409
5434
5646
5614
5579
5506
5458
5446
6587
6610
6654
6655
6726
6861
6882
7174
7190
7212
7403
7385
7439
7589
7625
7666
7695
7724
7743
7751
7723
7680
7623
7569
7546
7585
7289
7189
7159
7082
7022
6971
6924
6857
6823
6858
6905
6838
6788
6739
6697
6636
6678
6720
6696
6695
6738
6881
6948
7288
7382
7418
7468
7553
7588
7779
7749
7776
7942
7976
7943
7927
7962
8149
8102
8092
8062
7917
7878
7861
7799
7750
7722
8048
8079
8090
6261
6379
6096
5981
4680
5115
5217
5242
4957
4821
4820
5169
5365
5402
5993
6016
6519
6537
6947
7307
7155
7172
7226
7308
7286
7340
7381
7350
7329
7156
7210
7138
6879
7349
7370
7380
7741
7705
7721
7622
7566
7604
7565
7348
7339
6977
6970
6946
6786
6742
6677
6694
6518
6376
6377
6375
6374
6416
6047
5793
5670
5346
5271
5137
4792
4860
4650
4498
4485
4347
4071
4248
4313
4325
4164
4074
3795
3782
3755
3568
3422
3438
3257
2988
2957
2956
2622
2566
2554
2335
2141
2155
2017
2291
2315
2326
2113
2112
2014
2000
2004
2003
2013
2012
2011
1873
1872
1860
1832
1858
1978
2056
2077
2096
2258
2290
2371
2395
2383
2389
2668
2704
2863
3049
3162
3125
3050
3048
3091
2975
2885
2892
2941
3103
3229
3187
3077
2958
2978
3054
3188
3170
3342
3498
3396
3458
3622
3665
3776
3881
3927
3999
4163
4202
4226
4203
4227
4314
4464
4535
4651
4652
4692
4592
4793
4679
4885
4854
4465
4920
5394
5692
5857
5980
6210
5856
5794
5364
7045
7104
6992
7316
7641
7642
7719
7768
7734
7819
7859
7847
7838
7886
7827
8322
8451
8543
8388
8392
8261
8576
8534
8510
8317
8285
8341
8372
8495
8505
8410
8409
8263
8312
8323
8252
8213
8187
8150
8117
8063
8028
7977
7963
7993
7978
7928
7862
7918
7964
7911
7849
7820
7777
7780
7765
7707
7694
7644
7568
7494
7456
7383
7384
7469
7402
7470
7504
7342
7228
7139
7083
7766
7830
7839
7879
7850
7979
8023
7994
8064
8105
8188
8080
8022
8047
8089
8103
8104
8178
8224
8286
8342
8411
8325
8287
8412
8544
8588
8631
8630
8613
8577
8497
8496
8435
8436
8437
8389
8324
8162
8239
8238
8262
8237
8176
8061
8085
8131
8177
8021
7941
7901
7877
7829
7710
7643
7556
7606
7661
7672
7574
7693
7706
7607
7438
7522
7503
7455
7401
7364
7351
7276
7249
7275
7207
7208
7158
7004
6954
6904
6837
6787
6683
6657
6609
6538
6539
6466
6428
6463
6235
6262
4881
5334
5145
5048
5202
5459
5645
5671
6071
6211
6297
6243
6341
6380
6184
6244
6308
6460
6540
6611
6698
6728
6765
6843
6949
7024
7117
7209
7261
7160
7025
6098
6189
6025
5800
5695
5549
5544
5621
5535
5441
5245
5172
5051
4984
4883
4991
4856
4795
4685
4624
4367
4954
5244
5616
5726
5832
5983
6152
6330
6265
6107
6050
6076
6299
6391
6238
6329
6406
6468
6386
6340
6328
6298
6237
6353
6333
6192
6187
6212
6264
6434
6589
6593
6789
6959
7048
7013
7047
6859
5647
5797
5754
5725
5729
5580
5435
5305
5095
4882
4952
4823
4684
4593
4365
5170
5397
5478
5532
5273
5272
5116
5049
4653
4040
3681
3733
3680
3481
3520
3578
3415
3313
3268
3325
3427
3380
3273
2696
2749
2640
2693
2750
2825
2850
2814
2785
2737
2803
2733
2786
2804
2787
2805
2774
2788
2720
2649
2588
2477
2455
2452
2422
2356
2345
2366
2421
2440
2433
2466
2503
2493
2502
2524
2528
2532
2507
2568
2576
2587
2600
2556
2596
2501
2454
2486
2482
2488
2396
1864
1874
1863
1862
1845
1827
1890
1840
1836
1881
1853
1835
1635
1645
1655
1679
1680
1672
1681
1697
1728
1737
1707
1710
1765
1778
1796
1779
1786
1721
1698
1682
1637
1608
1553
1546
1509
1490
1435
1417
1472
1405
1377
1358
1375
1293
1243
1242
1208
1235
1190
1173
1141
1128
1070
1054
1004
938
1109
1171
1136
1021
1085
1089
1098
1079
1077
1081
1107
1135
1169
1144
1127
1165
1108
1065
1016
1041
1045
1066
1035
1097
1075
919
996
973
957
928
922
895
945
929
921
916
900
884
862
883
888
886
890
918
887
875
801
823
858
863
898
912
915
894
944
959
988
989
979
1009
1026
1043
1080
1096
1087
1042
997
1025
986
943
937
948
936
891
893
868
819
796
769
785
659
223
364
514
646
650
732
822
677
684
685
673
663
658
631
969
1161
1010
1179
1322
1291
1126
1050
1149
1241
1330
1331
1289
1267
1290
1276
1422
1420
1404
1547
1433
1460
1265
1374
1304
1341
1426
1434
1489
1618
1634
1716
1714
1738
1785
1834
1844
1731
1717
1795
1833
1837
1800
1760
1747
1706
1686
1568
1428
1705
2575
2633
2664
2703
2709
2840
2955
2974
3178
3405
3230
3134
3137
3186
2826
3009
3047
3671
3809
4134
4037
4150
4126
4092
4001
3864
3867
3718
3598
3502
3378
3464
3414
3256
3336
3569
3696
3703
3727
3636
3656
3682
3688
3664
3978
4500
4791
5027
5060
5093
4978
4853
4346
4497
4527
4547
4591
4880
5094
5136
5333
5463
5505
5201
5135
5393
5252
5270
5485
6412
6459
6547
6737
6842
6860
6996
7072
7044
6785
6969
6930
6957
6922
6826
6766
6543
6535
6456
6426
6373
6352
6326
5978
5979
6046
5866
5855
5746
5667
5511
5363
5342
5241
5133
5029
4960
4864
4770
4660
4544
4476
4355
4330
4237
4038
3993
4069
4076
4087
4191
4180
4477
4403
4424
4649
4951
5134
5303
5278
5019
5047
5216
5432
5514
5650
5792
5919
5392
5612
5669
5747
5761
5723
6296
6119
6268
6411
6512
6520
6693
6975
7131
7171
7274
7306
7416
7555
7739
7806
7937
7858
7654
7551
7718
7664
7564
7491
7436
7372
7632
7544
7471
7214
7086
7009
6974
6956
6807
6835
6885
6784
6596
6483
6511
6517
6590
6644
6676
7141
7105
7167
7225
7193
7213
7434
7443
7366
6929
6888
6822
6102
6114
6162
6193
6269
6323
6372
6389
6404
6403
6454
6402
6401
6424
6566
6614
6673
6674
6736
6760
6802
6921
6952
6966
7043
7016
6944
7188
7224
7353
7730
7775
7785
8000
8046
8229
8275
8679
8920
8950
9063
8981
8903
8810
8766
8861
8986
9045
9114
9140
9229
9220
9132
9210
9198
9316
9421
9466
9453
9420
9322
9243
9067
9005
9105
9144
9156
9257
9104
8916
9118
9183
9211
9503
9516
9499
9405
9399
9396
9406
9315
9347
9062
9012
8972
8927
9165
9178
9263
9259
9261
9246
9300
9353
9380
9375
9348
9354
9407
9029
8687
8708
8952
8854
8906
8970
8990
9058
9102
8749
8890
8891
8830
8688
8477
8371
8361
8833
9025
9060
9098
9109
9148
9065
9116
9003
8873
8772
8682
8671
8604
8513
8415
8485
8363
8173
7992
7975
7837
7521
7081
6692
7030
7130
7154
7197
6945
6902
6923
6928
6536
4394
4472
4393
4437
4392
4291
4212
4201
4662
5018
5131
5200
5176
5114
4917
4788
4766
4676
4543
4484
4471
4537
4423
4364
4363
4390
4463
4850
4977
4896
4916
5239
5477
5611
5834
5895
5854
6129
6325
6324
6294
6309
6425
6455
6482
6534
6635
6803
6764
6801
6805
6653
6533
6442
6293
6306
6159
7003
7014
6846
6958
6990
6979
6955
6967
6848
6762
6607
6562
6675
6804
6763
6827
6910
6991
7058
7068
7075
7129
7153
7263
7280
7424
7543
7583
7562
7581
7594
7520
7600
7714
7865
7936
8038
8041
8122
8134
7953
7915
7876
7836
7726
7715
7563
7236
7460
7453
7386
7267
7100
7015
7069
7053
6968
7028
6912
7050
7127
7264
7259
7273
7206
7143
7474
7558
7595
7614
7652
7649
7683
7539
7554
7716
7796
7897
7925
7898
7770
7784
7914
7954
7991
7857
7846
7601
8569
8351
8466
8465
8420
8387
8379
7899
7826
8201
8151
8101
8152
8422
8464
8595
8668
8924
9035
8925
9181
9282
9359
9437
9425
9553
9589
9598
9599
9600
9626
9766
9738
9802
9777
9732
9694
9666
9634
9663
9630
9561
9549
9480
9427
9377
9403
9366
9289
9277
9358
9464
9512
9595
9507
9515
9522
9575
9636
9698
9750
9803
9821
9817
9845
9840
9856
9843
9822
9796
9775
9756
9717
9790
9806
9831
9878
9876
9872
9849
9809
9965
9951
9931
9934
9942
9925
9914
9887
9903
9846
9865
9898
9912
9926
9921
9953
9966
9950
9911
9834
9857
9868
9874
9862
9861
9841
9838
9813
9749
9727
9710
9650
9615
9712
9688
9703
9722
9736
9786
9801
9819
9844
9870
9896
9884
9909
9908
9894
9886
9892
9883
9864
9853
9837
9832
9827
9833
9850
9842
9815
9773
9745
9740
9747
9768
9792
9793
9804
9816
9789
9753
9656
9697
9671
9682
9699
9702
9641
9622
9583
9582
9460
9440
9379
9336
9328
9292
9272
9268
9214
9192
9127
9223
9117
9094
9059
9019
9038
8939
8923
8874
8804
9170
9284
9327
9381
9385
9448
9457
9455
9483
9520
9397
9332
9265
9187
9131
9090
9383
9497
9470
9472
9426
9393
9313
9382
9310
9280
9276
9224
9205
9188
9175
9150
9158
9136
9115
8994
9037
9044
9073
8991
8995
8905
8819
8774
8816
8681
8618
8585
8579
8555
8457
8376
8273
8234
8199
8170
8145
8069
8146
8185
8147
8077
8019
7951
7855
7684
7817
7885
7924
7935
8010
7896
7910
7856
7740
7748
7808
7698
7671
7615
7571
7378
7362
7519
7485
7330
7294
7192
7187
7145
7099
7089
7106
7116
7061
7087
6965
6950
6878
6886
6821
6783
6761
6691
5992
6292
6387
6322
6351
6234
6259
6150
6181
6453
6591
6718
6782
6844
6884
6839
6759
6717
6634
6561
6597
6584
6583
6532
6350
6180
6045
5976
5977
5789
5332
5164
5165
5238
5390
5361
5407
5577
5625
5644
5837
5853
5997
5987
5839
5759
5728
5665
5550
5529
5482
5476
5438
5429
5300
5405
5588
5745
5543
5591
5700
5813
5627
5610
5626
5214
5430
5277
5068
4809
4483
4436
4601
4047
4207
4619
4603
4849
4913
4914
4975
4878
4976
5199
5166
5016
4930
4877
4931
4848
4753
4459
3524
3676
3842
4161
4343
4200
4496
5512
5699
5788
4847
5120
5528
6106
6147
6467
6796
7040
7098
7052
7002
6790
6716
6758
6656
6658
6560
6407
5986
5944
6023
5991
5664
5609
5804
5760
5654
5744
6258
6633
6582
6492
6430
6216
6191
6148
6255
6355
6581
6724
6927
6989
6998
7042
6876
7506
7578
7651
7635
7517
7629
7611
7634
7608
7627
7548
7478
7613
7573
7577
7774
7764
7792
7834
7833
7852
7895
7960
8015
8068
8035
8233
8330
8293
8257
8209
8208
8168
8142
8111
8058
8034
8110
8121
8220
8272
8343
8443
8528
8546
8623
8662
8636
8690
8724
8722
8741
8737
8735
8702
8602
8594
8817
8943
8969
9039
9113
9076
9196
9126
9166
9267
9262
9283
9335
9386
9408
9363
9365
9391
9395
9287
9308
9342
9418
9422
9493
9498
9577
9610
9632
9683
9719
9721
9814
9818
9823
9718
9733
9677
9625
9570
9546
9566
9563
9596
9620
9601
9572
9579
9592
9629
9661
9643
9623
9669
9692
9725
9784
9737
9704
9352
9444
9450
9489
9502
9524
9544
9528
9543
9506
9604
9624
9679
9741
9781
9799
9835
9800
9810
9811
9820
9825
9739
9720
9767
9798
9812
9829
9890
9860
9871
9897
9920
9932
9940
9879
9631
9690
9728
9731
9780
9723
9689
9619
9586
9465
9492
9494
9567
9525
9477
9414
9339
9241
9184
9081
8961
8887
8800
8714
8703
8453
8535
8599
8684
8719
8777
8700
8743
8867
8934
8911
8834
8897
8941
9007
9079
9070
9349
9258
9248
9351
9411
9462
9485
9554
9606
9648
9649
9662
9681
9715
9709
9755
9754
9696
9770
9730
9701
9646
9331
9479
9501
9542
9597
9611
9607
9726
9562
9618
9635
9680
9684
9654
9591
9550
9441
9330
9255
9208
9207
9055
9100
9154
9253
9235
9236
9219
9122
9002
8922
8882
8850
8776
8862
8852
8808
8742
8540
8581
8530
8472
8391
8182
8517
8641
8666
8731
8757
8806
8824
8881
8918
8893
8951
8983
8929
8849
8788
8723
8659
8625
8697
8622
8560
8519
8518
8353
8163
8194
8073
7996
7934
7887
7868
7832
8040
8084
8189
8302
8418
8516
8506
8571
8655
8654
8597
8627
8805
8848
8910
8999
9089
9225
9320
9398
9484
9481
9197
9169
9161
9143
9053
9041
8985
8998
8909
8902
8955
9011
8846
8786
8787
8717
8665
8566
7475
7194
7375
7596
7648
7619
7465
7732
7802
7903
7863
7772
7686
7745
7783
7823
7881
7919
7956
7984
8054
8166
8256
8413
8487
8469
8470
8446
8417
8297
8294
8180
8074
8126
8137
8109
8138
8053
8087
7995
7930
7831
7851
7889
7813
7912
7907
8018
7986
7947
7933
7892
7888
7708
6925
7387
7408
7244
7509
7560
7618
7759
7807
7944
8013
8042
8044
8050
8099
8091
8097
8135
8179
8193
8206
8226
8290
8289
8310
8332
8240
7948
8004
7929
7361
7432
7440
7610
7561
7579
7687
7752
7804
7658
7699
7760
7697
7617
7376
7255
7170
7056
6964
6833
7114
7088
6889
6907
6875
6943
6918
6558
4988
5486
5339
5510
5806
6118
6125
6515
6652
6715
7057
7115
7085
7026
7059
6976
6933
6841
6834
7020
6988
6951
6919
6487
6207
5957
5903
5990
5756
5826
5865
5722
5691
5675
5648
5607
5547
5410
5428
5443
5462
5501
5515
5542
5445
5403
5283
5306
5307
5310
5340
5406
5359
5210
5207
5119
5123
5013
4698
4645
4235
4231
4004
3825
3495
3401
3546
3595
3626
3617
3907
4000
4218
4342
4104
4819
5101
5331
5484
6179
6415
6580
6672
6757
6799
6909
7010
7012
7354
7411
7419
7461
7663
7675
7731
7853
7763
7762
7737
7811
7869
7908
7969
8075
8133
8094
8124
8207
8243
8203
8228
8270
8357
8401
8504
8591
8572
8524
8621
8590
8689
8751
8750
8768
8815
8826
8802
8755
8677
8678
8842
8888
8935
8933
8988
8946
9054
9123
9134
9112
9111
9013
8853
8928
8978
9040
9106
9174
9110
9162
9311
9373
9439
9369
9324
9278
9361
9325
9299
9298
9238
9149
9108
9049
9034
8968
8877
8798
8803
8727
8748
8739
8709
8676
8635
8619
8550
8414
8364
8374
8429
8277
8301
8164
8183
8218
8245
8136
8045
7966
7957
7891
7884
7812
7816
7761
7747
7769
7822
7805
7778
7711
7880
8014
7981
7955
7913
7840
7758
7738
7701
7678
7665
7653
7703
7790
7824
7843
7870
7894
7983
8033
7987
7922
7949
8006
7967
8057
8072
8165
8123
8100
8025
8056
8125
8086
8204
8219
8265
8215
8269
8306
8356
8445
8442
8403
8438
8441
8589
8498
8378
8565
8713
8661
8728
8831
8869
8843
8953
9050
9048
8919
8872
8835
8818
8753
8686
8624
8598
8503
8512
8570
8616
8633
8674
8699
8695
8725
8756
8738
8615
8501
8221
8279
8338
8370
8404
8384
8369
8314
8328
8416
8467
8428
8278
8327
8375
8526
8494
8452
8447
8500
8478
8400
8345
8247
8184
8128
8049
7999
7920
7872
7835
7793
7746
7727
7659
7631
7685
7679
7593
7586
7477
7369
7313
7281
7196
7186
7168
7175
7142
7119
7166
7126
7102
7123
7176
7162
7268
7355
7496
7526
7473
7533
7591
7626
7582
7616
7538
7523
7489
7399
7341
7787
7845
7801
7755
7733
7700
7670
7628
7713
7767
7825
7873
7909
7921
7952
7990
8008
8078
8148
8113
8088
7974
7982
8009
8037
8083
8129
8114
8186
8157
8223
8321
8491
8520
8474
8406
8405
8539
8610
8660
8642
8587
8629
8720
8759
8912
8992
9023
8977
8956
9046
9092
9135
9160
9201
9334
9378
9338
9412
9461
9658
9686
9640
9594
9581
9580
9602
9633
9659
9693
9713
9724
9764
9778
9791
9795
9808
9839
9848
9863
9869
9828
9867
9852
9877
9904
9916
9941
9961
9954
9935
9919
9917
9893
9830
9805
9797
9782
9752
9706
9678
9667
9652
9547
9531
9508
9360
9394
9374
9415
9445
9431
9096
9061
8980
8845
8825
8767
8675
8620
8584
8564
8606
8531
8562
8541
9847
9855
9873
9758
9742
9776
9915
9895
9907
9901
9889
9905
9918
9928
9939
9944
9938
9933
9906
9888
9880
9882
9891
9899
9774
9779
9771
9859
9851
9858
9685
9705
9714
9743
9670
9665
9655
9651
9644
9573
9593
9605
9638
9645
9612
9559
9578
9442
9471
9513
9514
9521
9509
9443
9419
9409
9491
9459
9402
9307
9326
9279
9227
9209
9213
9138
9318
9302
9270
9271
9273
9237
9204
9147
9031
8996
8987
8894
8832
8781
8812
8783
8875
8856
8889
8940
9014
8973
9027
9066
9151
9171
9203
9285
9304
9329
9367
9392
9487
9523
9558
9532
9545
9574
9511
9496
9432
9387
9372
9274
9290
9281
9266
9254
9242
9222
9182
9137
9139
9093
9080
9075
8989
8962
8965
8799
8809
8790
8667
8611
8612
8656
8434
8439
8385
8339
8281
8222
8214
8280
8255
8259
8212
8200
8156
7875
7902
7874
7803
7757
7712
7673
7728
7794
7989
8007
8036
8171
8211
8235
8274
8258
8326
8632
8648
8705
8551
8545
8600
8639
8796
8822
8857
9301
9319
9355
9008
9018
9033
8959
8960
8908
8764
8729
8647
8366
8380
8397
8421
8454
8482
8394
8335
8425
8362
8390
8348
8484
8583
8522
8502
8651
8663
8701
8858
8795
8785
8836
8870
8896
8879
8913
8945
8964
8974
9024
9010
9009
8954
8907
9043
9097
9086
9191
9212
9244
9446
9456
9505
9569
9585
9568
9557
9609
9627
9672
9673
9642
9769
9787
9748
9760
9763
9761
9657
9676
9647
9700
9687
9674
9762
9765
9783
9854
9826
9807
9788
9824
9866
9881
9900
9885
9923
9946
9948
9971
9963
9955
9952
9936
9924
9913
9902
9836
9875
9910
9929
9947
9964
9967
9975
9746
9735
9734
9708
9716
9744
9695
9467
9452
9417
8801
8792
8782
8489
8373
8433
8248
8232
8195
8070
8055
8082
7931
7893
7866
7882
7904
7821
7842
7854
7576
7725
7646
7584
7371
7389
7458
7451
7497
7499
7515
7304
7165
7132
5930
5925
5905
5389
5360
5299
4929
4542
4183
4036
3957
3914
5014
5046
5143
5502
5649
6104
6531
6559
6714
7032
7067
7080
7215
7233
7282
7315
7413
7472
7482
7452
7414
7516
7557
7495
7688
7689
7668
7638
7377
7258
7254
7297
7305
7345
7427
7392
7442
7441
7433
7444
7356
7393
7398
7357
7394
7426
7462
7457
7425
7483
7507
7484
7492
7527
7501
7505
7409
7265
7247
7230
7205
7021
7029
6932
6920
6931
6735
6743
6862
6877
6824
6800
6516
6510
6452
6257
6256
6163
6012
5871
6011
5308
5163
5090
4974
4787
4720
4521
4997
5015
4247
3970
3938
2526
2599
2478
2695
2906
2852
3208
3376
3291
3071
3099
3092
3041
2865
2747
2919
2810
2644
2546
2639
2574
2746
2772
2796
2718
2940
2961
3069
3046
2966
2889
2928
2918
2761
2886
2987
3045
3216
3237
3089
2759
2690
2612
2523
2382
2271
2659
2628
2605
4950
4784
4785
3969
3889
3748
3338
3476
3503
3475
3594
3581
3561
3562
3532
3593
3560
3487
3435
3323
3334
3255
3005
2953
2879
2939
3010
2986
2917
3284
3301
3395
4288
4457
4386
4519
4642
4751
5474
5475
5573
6010
6100
6070
6900
6832
6711
6370
6288
6287
6113
6069
6042
6286
6347
6368
5985
5914
5942
5267
5280
5088
3862
3880
3840
3333
3353
3312
3283
3300
3290
3374
3254
3177
3198
3176
3175
3107
2973
2990
3360
3394
3369
3332
3299
3240
2711
2564
2410
2341
2470
2274
2307
2154
2025
2001
1996
1948
1925
1989
2026
2028
2047
2054
2059
2076
2034
2039
2055
2040
2065
2073
2066
2057
2048
1980
1997
2019
1976
1985
1979
1940
1926
1941
1942
1784
1773
1790
1824
1742
1578
1560
1501
1539
1897
1888
1889
1886
1793
1756
1739
1662
1628
1640
1650
1629
1641
1596
1668
1694
1720
1744
1769
1794
1745
1746
1757
1696
1704
1695
1684
1670
1642
1575
1604
1611
1586
1612
1549
1591
1607
1647
1663
1683
1674
1661
1648
1644
1643
1606
1598
1624
1605
1621
1653
1676
1654
1678
1726
1723
1709
1711
1722
1690
1701
1689
1693
1673
1665
1649
1632
1619
1599
1543
1512
1488
1532
1544
1550
1580
1602
1616
1581
1807
1838
1743
1775
1776
1806
1812
1821
1831
1820
1791
1792
1774
1763
1755
1753
1719
1703
1713
1733
1718
1570
1615
1805
1955
1950
1956
1988
1927
1972
2346
2442
2598
2702
2763
2552
2631
2629
2579
2565
2553
2573
2569
2707
2745
2954
3199
3657
3910
3761
3798
4021
3943
3522
3592
3915
4035
4156
4125
4262
4399
4387
6194
6480
6469
6529
6481
6631
6690
6781
6671
6901
6987
7183
7211
7271
7296
7337
7184
7185
7262
7191
7038
6917
6963
6756
6723
5868
5917
5975
5690
5642
5100
4973
4866
4818
5045
5161
5235
5044
5371
5281
5160
4580
4371
4817
4783
5043
5253
5457
5948
5915
5743
5663
5574
5539
5456
5388
5197
5159
5330
5427
5196
5089
4846
5194
5426
5605
5913
5904
5893
5953
6565
6346
6369
6491
6348
6579
6712
6770
6680
6855
6660
6890
6713
6479
6321
6371
6290
6220
5998
5954
5751
5786
5916
6043
6302
6289
6451
6423
6422
5473
5641
5662
5758
5742
5721
5785
5894
5943
6024
6009
5784
5606
5720
5572
5498
5387
5195
4934
4949
4602
3434
3686
3806
3949
4124
4123
3930
3906
3863
3724
3714
3649
3541
3531
3474
3354
3088
3030
3215
3214
3266
3144
3154
3136
3098
3087
3004
2884
2653
2515
2480
2456
2527
2551
2522
2491
2425
2350
2332
2257
2140
1949
1937
1917
2029
2035
2024
2041
2045
2050
2373
2331
2334
2364
2342
2349
2354
2372
2288
2221
2181
2287
2319
2255
2624
2663
2701
2685
2730
2736
2744
2712
2679
2667
3663
3754
3730
3996
4033
4013
6157
6145
6008
5455
5472
5439
5604
5471
5425
5193
5192
5250
5689
5782
5781
5703
5780
5779
5011
4992
4894
5191
5232
5233
5357
5423
5444
5825
5810
5777
5526
5778
6007
6028
6091
6092
6206
6219
6178
6177
6421
6414
6217
6973
6810
6643
6792
6710
6630
6545
6528
6508
6629
6709
6755
6681
6780
6831
6899
6874
6942
6941
6645
6615
6436
6366
6253
6038
6039
5912
6122
6205
6301
6506
6507
6578
6606
6478
6505
6275
6112
6143
6320
6577
6669
6670
6754
6820
6830
6840
6741
6604
6504
5653
5718
5824
5889
5949
5941
5442
5328
5296
5208
5327
5383
5523
5651
5740
5900
5660
5570
5522
5602
5326
5325
5229
5355
5480
5702
5911
6005
6053
6231
6252
6089
6142
5752
5929
6004
6088
6141
6087
2344
2401
2405
2123
2110
2075
2053
2033
2020
2016
2099
2120
2297
2309
2328
2340
2438
2461
2951
2965
3000
3028
3057
3039
3121
3122
3065
3213
3197
3251
3588
3644
3645
3835
3860
3965
3931
4020
4243
4311
4339
4385
4143
4119
4102
4129
4224
4452
4614
4431
4420
4340
4407
4480
4515
4453
4538
4588
4749
4732
4816
5041
5175
5189
5188
5276
5323
5469
5470
5600
5566
5227
5265
5157
4969
4867
4942
4839
4909
5040
5109
5110
5084
5294
5279
5293
5563
5599
5562
5494
5352
5353
5083
5082
5039
4968
4563
4613
4632
4671
4891
4907
4941
5451
5586
5770
5937
5886
5712
5769
5768
5711
5710
5521
5450
5467
5561
6061
6033
6110
6062
6063
6034
7311
7331
7332
7333
7336
7326
7314
7302
7298
7137
7283
7277
7242
7217
7312
7410
7431
7542
7508
7481
7321
7238
7219
6853
6895
6873
7335
7430
7512
7447
7445
7429
7334
7320
7346
7359
7358
7373
7446
7396
7479
7528
7237
7318
7269
7146
7198
7218
7199
7147
7091
7090
7108
7133
7062
6937
6936
6961
7017
7031
6892
6851
6935
6913
6893
6871
6772
6685
6598
6619
6549
6489
6437
6496
6618
6495
6617
6659
6684
6701
6769
6870
6869
6850
6744
6638
6418
6486
6464
6305
6445
6417
6310
6160
5873
5960
5841
5681
5631
5517
5413
5483
5630
5680
5803
5877
5959
5950
6030
6161
6164
6120
6077
5995
5933
5958
5762
5679
5734
5840
5629
5489
5553
5676
5552
5408
5275
5002
4901
4810
4705
4668
4775
5034
5222
5258
5285
5151
5004
4995
4663
4742
4769
4706
4609
4448
4256
4050
4060
4140
4167
4194
4282
4255
4100
3899
3916
3973
4007
4006
4059
4099
4058
3976
3984
3855
3762
3760
3856
3778
3660
3527
3510
3467
3408
3280
3210
3193
3249
3074
3052
3014
2997
2996
3013
2856
2797
2869
2890
2857
2820
2726
2828
2799
2645
2581
2519
2510
2352
2338
2321
2305
2259
2252
2251
2232
2193
2244
2246
2231
2250
2261
2229
2224
2203
2157
2156
2158
2159
2176
2160
2177
2184
2190
2200
2204
2247
2230
2208
2191
2185
2171
2144
2134
2128
2129
2130
2143
2161
2162
2163
2146
2135
2132
2116
2361
2513
2536
2597
2570
2582
2619
2676
2791
2858
2881
2779
2473
2646
2583
2636
2549
2620
2727
2821
2829
2859
2895
2948
2947
2912
2984
3036
3075
3181
3409
3585
3699
3739
3831
3874
3790
3780
3738
3830
4008
4142
4257
4307
4337
4192
4173
4082
3832
3833
3740
3674
3529
3550
3389
3551
3552
3574
3633
3643
3654
3675
3697
3700
3611
3212
3119
3129
3106
3146
3151
3120
3064
3142
3167
3038
2830
2802
3655
3859
3770
3858
3872
3803
3923
3903
3893
4011
4083
4133
4419
4514
4577
4672
4908
4935
5009
5129
5226
5292
5225
5081
4967
4670
4772
5008
5080
5263
5224
5290
5291
5420
5638
5493
5767
5884
5821
5822
5885
6137
6229
6343
6317
5156
5684
5713
5771
5849
5850
6082
6172
6111
5967
5772
5887
5714
5564
5468
5264
4596
4716
4943
5187
5354
5452
5565
5639
5739
5851
5968
6065
6035
5938
5909
5908
5715
5685
5421
4840
4944
4861
4434
4454
4482
4539
4404
4481
4294
4120
4111
4103
4176
4225
4162
3955
3836
3896
4030
4166
4121
4244
4516
4615
5010
5401
5422
5495
5567
5546
5773
5774
5775
5969
6086
6158
6204
6203
6251
6449
6546
6576
6667
6708
6753
6752
6819
6651
6603
6734
6668
6527
6450
6444
6139
5928
6085
6037
6036
6067
5823
5876
6138
6202
6230
6283
6363
6476
6556
6707
6751
6666
7006
7054
7125
7112
7182
7124
7005
6934
6863
6750
6706
6544
6398
6318
6250
6397
6475
6575
6626
6864
6926
7034
7111
6985
7110
7250
7253
7292
7204
7203
7120
7049
7033
6984
6915
6854
6733
6816
6868
7109
7007
6993
6916
6865
6748
6665
6624
6553
6588
6526
6474
6396
6649
6704
6777
6747
6732
6798
6939
7065
7066
7150
7221
7180
7222
7278
7290
7251
7295
7301
7390
7407
7511
7529
7420
7368
7500
7488
7480
7513
7448
7397
7360
7325
7202
7179
7178
7149
7136
7064
6994
6983
7135
7177
7148
7257
7201
7240
7239
7256
7287
7322
7200
7092
7134
7103
7093
7094
7077
7023
7001
6938
6891
6847
6814
6775
6730
6699
6664
6601
6499
6393
6314
6227
6199
6054
5906
5683
5597
5763
5846
5935
5845
5819
5708
5657
5558
5416
5350
5261
5128
5180
5557
5635
5707
5844
5963
6060
6108
6133
6198
6225
6197
6312
6358
6446
6523
6571
6647
6703
6773
6774
6729
6746
6524
6472
6688
6663
6621
6600
6552
6471
6313
6226
6342
6500
6648
6815
6776
6731
6622
6572
6525
6473
6419
6395
6359
6315
6278
6200
6134
5907
5847
6002
5936
5881
5765
5764
5636
5466
5182
5181
4939
4966
4835
4814
4747
4586
4511
4641
4416
4308
4309
4196
4259
4417
4561
4610
4710
4990
5078
5288
5449
5321
5289
5107
5036
5006
4940
4887
4836
4711
4712
4611
4512
4418
4479
4713
4838
4837
5037
5079
5183
5184
5154
5262
5351
5322
5223
5185
5038
5007
4906
4905
4778
4714
4562
4715
4612
4513
4384
4310
4242
4118
4009
3922
3791
3768
3767
3834
3875
3947
4010
4029
3857
3801
3769
3612
3586
3575
3492
3432
3347
3297
3196
3298
3349
3350
3391
3424
3470
3530
3554
3485
3493
3451
3471
3603
3646
3634
3623
3589
3555
3539
3123
3085
3001
3002
2861
2882
2792
2878
2822
2769
2992
3044
3143
3124
3364
3472
3433
3494
3570
3615
3647
3576
3624
3701
3771
3614
3713
3792
3861
3933
3974
4144
4145
3934
3772
3723
3557
3310
3168
3133
3805
3987
3924
3837
3804
3591
3505
3202
3340
3627
3252
3130
3018
2993
2944
2926
2893
2916
2900
2781
2670
2614
2543
2550
2535
2652
2765
2823
2782
2815
2862
2883
2717
2492
2443
2451
2479
2304
2100
2064
2298
2377
2429
2408
2393
2381
2400
2416
2428
2380
2392
2336
2270
2376
2415
2375
2484
2538
2531
2490
2539
2611
2684
2801
2613
2585
2608
2677
2660
2592
2618
2637
2666
2688
2715
2735
2768
2780
2716
2896
3026
2964
2949
3140
3195
3141
3093
3053
3097
3063
3037
3027
2999
2950
2903
2871
2837
2923
2897
2915
2904
2891
2729
2638
2497
2460
2475
2474
2445
2427
2414
2426
2391
2379
2378
2370
2353
2348
2322
1326
1370
1394
1440
1451
1415
1408
1439
1471
1511
1585
1603
1688
1799
1811
1849
1772
1740
1610
1666
1595
1508
1395
1409
1286
1269
1273
1028
516
930
1299
1461
1538
1687
1783
1830
1741
1804
1876
1885
1828
1871
2418
2450
2447
2308
2115
2091
2027
2049
2092
2136
2117
2089
2090
2081
2085
2137
2277
2312
2323
2324
2317
2299
2256
2182
2118
2138
2289
2139
2111
2105
2097
2093
2070
2002
1971
1999
1965
2021
2010
1998
1981
1986
1943
1916
1904
1894
1877
1859
1887
1909
1915
1900
2434
2545
2498
2521
2572
2593
2604
2609
2457
2363
2471
2615
2591
2544
2534
2697
2945
3081
3174
3079
3153
3148
3601
3904
3821
3452
3709
3879
3639
3514
3368
3352
3473
3635
3558
3559
3905
4718
4845
4996
5266
5297
5158
5087
5113
5024
5012
4767
4261
4673
4876
5386
5385
5454
5783
5698
5892
6041
5852
5358
6218
6128
6367
6093
5974
5891
5497
5329
5344
5424
4972
6345
6605
6767
6898
6808
5661
6068
5940
6090
6245
6271
6365
6477
6441
6364
6503
6682
6791
6594
6175
5939
5899
5805
5659
5601
5295
5376
5130
5254
5058
4945
4771
4780
4546
4517
4122
4177
4841
4779
4717
4911
4910
5111
5404
5568
5716
5888
5776
5696
5569
5622
5717
5910
6126
6284
6319
6384
6140
5453
5228
5324
6595
6627
6628
6940
6911
6829
6818
6962
7008
6897
6986
6997
7037
7036
7079
7078
7243
7252
7164
7122
7095
6849
6817
6825
6806
6727
6650
6362
6399
6420
6344
6083
6084
6064
6408
6502
6173
5874
6174
6066
3613
3587
3553
3518
3403
3390
3348
3235
3211
3274
3295
3296
3309
3331
3373
3450
3469
3410
3362
3363
4174
4101
4019
4049
4175
4286
4383
4451
4338
4587
4748
4815
5559
5491
5519
5492
5637
5520
5417
5418
5419
5312
5186
5155
5108
6075
6171
6228
6281
6280
6501
6689
6623
6573
6447
6432
6360
6316
6279
6201
6135
5964
5848
5965
5820
5709
5598
5658
5560
5738
5966
6109
6136
6003
5766
5883
5882
6032
6081
6080
6282
6307
6361
6448
6554
6574
6602
6555
6625
6749
6867
6896
6778
6779
6705
6719
7027
7035
7051
7181
7231
7223
7232
7220
7241
7270
7324
7323
4358
4381
4414
4510
4639
4745
4709
4559
4812
4744
4708
4450
4495
4478
4532
4506
4507
4707
4777
4776
4764
5055
4937
4895
4938
4994
5074
5104
5152
5347
5259
5311
5540
5682
5554
5590
6274
6276
6127
6165
6166
6246
6303
6167
6242
6304
6722
6768
6797
6828
6794
6771
6745
6646
6620
6569
7412
7428
7406
7319
7300
7285
6999
6980
6914
6811
6812
6795
6498
6551
6570
6522
6686
6687
6702
6813
6872
6982
6981
7000
7076
7063
7019
7018
6894
6852
6662
6599
6170
6224
6132
6059
5962
5880
5879
5287
5382
5415
5656
5633
5706
5961
6000
6079
6131
6248
6356
6394
6357
6277
6249
6196
6169
6058
6001
5878
5818
5843
5736
5595
5320
5655
5556
5594
5414
5260
5448
5490
5632
5735
5842
6057
6078
6130
6222
6311
6168
6223
6388
6497
6470
6221
6195
6056
5999
6026
6031
5934
5817
5677
5555
5373
5309
5212
4925
4903
4830
4533
4508
4638
4731
4659
4743
4871
4964
5035
5005
5153
5286
5374
5518
5634
5737
5596
4258
4382
4415
4560
4640
4746
4872
4965
5077
4904
5076
5075
4834
4813
4595
4509
4413
4336
4380
4141
3964
3986
3985
3942
3902
3913
3977
4081
4109
4209
4195
4117
4130
4172
4223
4329
4379
4285
4217
4412
4430
4449
4505
4570
4669
4600
4574
4536
4475
4357
4886
5026
5003
4902
4870
4637
4504
4447
4281
4354
4411
4373
4327
4326
4222
4215
4335
4305
4280
4334
4503
4573
4608
4667
4666
4664
4703
4556
4576
4607
4582
4585
4443
4555
4636
4442
4278
4221
4057
3983
3898
3751
3652
3540
3466
3385
3382
3205
3126
3173
3138
3128
3117
3061
2995
3060
2980
2818
2877
2867
2844
2842
2816
2742
2740
2758
2777
2817
2843
2866
2845
2841
2827
2910
2943
2901
2887
2911
2935
2970
2982
3012
3011
3042
3104
3150
3149
3114
3113
3917
3961
3960
4024
4023
4078
4077
4053
4022
4079
4169
4170
4137
4138
4220
4238
4239
4219
4277
4408
4409
4410
4439
4554
4440
4441
4333
4300
4301
4356
4240
4302
4635
4832
4899
5031
5125
5126
5257
5318
5317
5465
5551
5628
5814
5815
5731
5732
5704
5592
5516
5380
5487
5381
5348
5284
5124
5178
5221
5316
5378
5379
5447
5377
5412
5464
4739
4665
4740
4898
5030
5148
5147
5220
5219
5146
4773
4774
4634
4606
4584
4553
4502
4605
4299
4298
4297
4168
4135
4136
4080
4054
4025
4026
3982
3962
3828
3852
4055
4056
3873
3918
3853
3788
3789
3384
3264
3343
3417
3461
3625
3548
3501
3525
3448
3508
3599
3583
3640
3659
3272
3241
3190
3275
3279
3247
3246
3242
3263
3262
3344
3370
3328
3361
3372
3420
3429
3465
3519
3600
3571
3506
3423
3447
3430
3383
3371
3101
3111
3165
3204
3245
3180
3189
3203
3166
3112
3083
3073
3058
3059
3051
3033
3034
2922
2946
2977
2981
2969
2723
2757
2808
2798
2790
2710
2734
2724
2760
2767
2778
2846
2835
2836
2807
2819
2847
2855
2868
2848
2698
2764
2743
2725
2580
2508
2548
2607
2632
2674
2675
3094
3105
3115
3116
3233
3292
3345
3305
3359
3386
3459
3604
3628
3488
3489
3329
3209
3248
3330
3406
3387
3407
3509
3549
3490
3737
3868
3920
3766
4098
4115
4139
4270
4304
4328
4303
4193
4241
4279
4097
4027
3946
3919
3829
3854
3605
3491
3526
3572
3606
3513
3528
3629
3921
3911
3870
3901
4028
4061
3995
3963
3900
3758
3710
3684
3683
3512
3511
3468
3431
3388
3346
3250
3194
3062
3024
3016
2983
2925
2800
2880
2963
2902
3025
3096
3095
3294
3609
3662
3712
3685
3673
3661
3642
3608
3449
3607
3631
3630
3584
3641
3722
3711
3721
3752
3802
3844
3848
3653
3632
3573
3610
3221
3182
3183
2870
2913
2914
2860
2809
2728
2584
2561
2557
2529
2537
2530
2511
2495
2496
2444
2453
2437
2542
2533
2514
2487
2436
2459
2458
2404
2374
2390
2407
2406
2362
2359
2347
2339
2333
2318
2311
2286
2269
2285
2301
2284
2268
2267
2283
2296
2282
2281
2264
2265
2266
2219
2242
2280
2295
2294
2279
2254
2241
2218
2253
2263
2278
2239
2196
2216
2217
2240
2262
2300
2306
3015
3035
3043
2936
2998
3084
3139
3118
3234
3293
3220
4171
4116
4275
4284
4306
4283
4558
4541
4446
4378
4445
4444
4499
4557
4627
4704
4741
4802
4933
5033
5001
5150
5127
5073
4958
4936
5072
5032
5149
5349
5488
5593
5319
5179
4900
4833
4811
5705
5733
5816
3981
3980
3979
3959
3276
3307
3265
3191
3192
3163
2962
2924
2931
2934
2968
2994
2275
2260
2248
2226
2187
2174
2207
2227
2245
2209
2249
2293
2228
2225
2222
2223
2172
2175
2188
2189
2202
2210
2149
2150
2148
2145
2133
2126
2127
2147
2153
2167
2179
2195
2214
2236
2237
2238
2215
2180
2166
2165
2152
2151
2164
2178
2194
2211
2233
2234
2235
2212
2213
2192
2201
2206
2205
2199
2186
1548
1537
1523
1516
1522
1481
1466
1454
1450
1505
1500
1541
1527
1542
1506
1510
1467
1403
1423
1281
1251
1176
1147
1215
789
754
790
588
747
864
1059
1146
1361
1362
1391
1589
1623
1639
889
876
831
551
464
368
2417
2430
2409
2394
2446
2435
2316
2343
2462
2469
2571
2678
2661
2699
2700
2722
2662
2691
2586
2563
2518
2562
2603
2520
4110
3966
3824
3749
3732
3876
4012
4031
4245
4359
4616
4829
4633
4564
4208
4197
4146
3708
3648
3590
3521
3556
2932
2971
2952
3029
3076
3066
2937
2985
3017
3281
3321
3351
2894
2905
2938
2972
2927
2979
3152
3311
3282
3260
3243
3411
3392
3206
3184
3067
3003
3086
3236
3253
3261
3341
3393
3404
3365
3412
3462
3753
3765
3839
4187
4148
4147
4091
4085
3702
3785
3948
3878
3956
3967
4062
4469
4618
4844
4912
5071
5086
4782
5234
5584
5525
5496
5571
5688
5989
5973
6254
6332
6232
6144
6006
5972
5971
5867
5970
6040
5687
5719
5541
5356
5314
5640
5524
5652
5802
5890
6285
6176
6101
5741
5697
5686
5603
5384
5231
5042
4875
4738
4948
4971
4947
4781
4750
4863
4970
5230
5112
5213
4287
4213
4178
4084
3988
3975
3925
3794
3793
3935
4032
4070
4341
4518
4406
4429
4360
4578
5190
5064
4873
4734
4842
4946
4890
4843
4455
4565
4733
4874
5085
5103
5177
4928
4763
4617
4432
4361
4421
4456
4260
4253
4246
4160
3989
3746
3616
3736
3891
3936
3877
3990
3929
3838
3745
8108
8107
8098
8031
8016
7998
7449
7450
7524
7575
7633
7667
7789
7815
7810
7905
7958
8024
8132
8119
8154
8153
8003
8309
8254
8291
8432
8471
8463
8704
8718
8730
8747
8775
8770
8578
8574
8573
8431
8430
8493
8017
7959
7985
7291
7151
7096
7113
7097
7317
7754
7744
7814
8002
8066
8225
8197
8217
8191
8140
8139
8181
8268
8638
8712
8716
8828
8863
8921
8904
9064
9051
9141
9163
9056
8847
8864
8975
8514
8488
8456
8271
8468
8486
8529
8538
8396
8367
8264
8266
8334
8307
8065
7997
8030
8005
7946
7932
7906
7867
7756
7590
7559
7656
7637
7657
7597
7550
7514
7464
7388
7327
7293
7303
7374
7476
7463
7669
7636
7655
7736
7540
7676
7677
7781
7841
7735
9314
9206
9168
9173
9082
9230
9317
9293
9341
9388
9434
9469
9423
9312
9309
9250
9185
9179
9074
9153
9228
9251
9306
9340
9294
9286
9217
9164
9120
9052
8979
9099
9095
9142
9343
9295
9337
9451
9435
9424
9362
9231
9260
9068
8967
8880
8726
8626
8556
8511
8515
8479
8448
8460
8424
8455
8426
8427
8296
8308
8267
8288
8344
8216
8106
8052
8167
8120
8190
8242
8316
8395
8313
8253
8548
8567
8547
8553
8552
8617
8475
8480
8640
8653
8865
8926
8936
8937
9000
9026
9083
9128
9069
9186
9199
9232
9269
9296
9344
9370
9404
9430
9474
9495
9535
9478
9556
9534
9476
9473
9588
9533
9500
9463
9526
9613
9517
9482
9436
9125
9152
9084
9088
9121
9129
9233
9252
9321
9389
9401
9345
9297
9240
9218
9130
9006
8586
8593
8711
8885
8866
8807
8851
8762
8692
8608
8508
8533
8459
8419
8231
8227
8141
8118
8032
8198
8192
8196
7367
7347
7344
7245
7299
7272
5809
5808
5787
5585
5545
5576
4927
5023
5102
5162
5144
5198
5237
5372
5315
5341
5298
5215
5345
5255
5411
5236
5251
5575
5500
5643
5932
5984
5994
5499
5513
5481
5056
5025
4807
4786
4808
4828
4644
4674
4697
4656
4658
4572
4628
4643
4699
4752
4458
4474
4388
4312
4534
4597
4695
4719
4765
3894
3951
3937
4190
4186
4086
4034
3841
3998
3968
3950
3945
3773
3774
3819
4052
4179
4198
5996
6123
6146
6291
6349
6435
6273
6639
6632
6557
6513
6530
6493
6509
9551
9536
9564
9449
9390
9346
9333
9234
8984
8963
8948
8628
8561
8609
8734
8758
8789
9001
9017
9042
9133
9101
9085
9565
9560
9584
9576
9621
9616
9653
9608
9510
9518
9468
9433
9247
9200
9195
9119
9078
9103
9177
9194
9215
9555
9537
9504
9548
9587
9617
9637
9664
9691
9668
9772
9759
9729
9711
9757
9794
9960
9958
9959
9972
9974
9969
9973
9968
9970
9962
9957
9949
9956
9945
9943
9937
9930
9922
9927
8680
8670
8634
8542
8554
8563
9475
9428
9447
9303
9305
9245
9202
9180
9167
8637
8646
8658
8706
8736
8745
8752
8884
8949
9028
9047
9157
9239
9275
9189
9146
9020
8976
8971
8958
8944
8917
8898
8855
8797
8754
8771
8791
8765
8715
8693
8683
8652
8607
8603
8596
8580
8559
8537
8532
8601
8605
8582
8481
8450
8402
8377
8315
8319
8300
8284
8260
8205
8202
8174
8116
8059
8060
8011
7980
7939
7940
7890
7828
7798
7702
7674
7605
7567
7545
7379
7437
7487
7531
7502
7363
7417
7493
7587
7660
7720
7771
7797
7848
7900
8012
8039
8071
8175
8236
8251
8292
8311
8354
8382
8449
8462
8523
8549
8710
8773
8859
8892
8957
8886
8876
8814
8860
8841
8947
8966
8901
8827
8769
8649
8644
8694
8763
8794
8878
8899
8931
8993
9022
9087
9145
9226
9413
9356
9376
9221
9176
9071
9107
9216
9190
9249
9256
9323
9368
9357
9454
9438
9541
9488
9614
9527
9590
9571
9603
9628
9384
9288
9091
9030
8982
8930
8844
9004
9072
9172
9057
9032
8932
8895
8871
8784
8614
8483
8509
8521
8645
8643
8707
8721
8657
8664
8696
8733
8746
8823
8760
8672
8673
8900
8942
8997
9264
9193
9159
8839
8838
8837
8525
8507
8499
8333
8399
8458
8329
8081
8020
8130
8001
7961
7926
7860
7883
7916
7692
7647
7603
6809
6836
6856
7400
7454
7602
7938
8029
8043
8161
8172
8283
8398
8282
8295
8320
8331
8444
8575
8558
8350
8340
8318
8650
8669
8685
8820
8883
8938
9021
9036
9016
8527
8490
8383
7717
7691
7696
7404
7338
7279
7395
7435
7486
5668
5538
5504
5132
5211
5240
5302
5301
5362
5269
5391
5431
5666
5678
5790
5791
5952
6014
6013
6182
6208
6241
6183
6295
6457
6563
6458
6427
6608
6568
6413
6272
6209
6151
6015
5955
5530
5578
5537
4879
4868
4723
4678
4629
4677
4657
4526
4525
4524
4805
4852
4851
4919
4926
4918
4831
4790
4789
4661
4648
4722
4701
4691
4621
4590
4523
4391
4376
4345
4915
5022
5268
5218
5167
5122
5106
6233
6149
6095
6094
6270
6400
6431
6586
6585
6640
7195
7144
7161
7173
7121
7140
7169
7235
7532
7570
7650
7598
7498
7391
7844
7871
7945
7988
8027
8076
7973
7864
7972
8026
8051
7950
8112
8144
8210
8305
8352
8358
8304
8303
8360
8347
8355
8423
8368
8246
8155
8127
8169
8143
7971
7970
7923
7709
7742
7786
7791
7782
7753
7729
7640
7537
7535
7534
7536
7510
7530
7541
7549
7592
7609
7621
7467
7459
7466
7422
7266
7352
7405
7490
7415
7423
7365
7248
7074
7041
7055
7547
7525
7518
7580
7599
7612
7682
7690
7704
7818
7809
7795
9552
9539
9530
9519
9529
9540
8568
8592
8557
8250
8276
8244
8159
8158
8386
8365
8393
8407
8381
8160
8115
8299
8408
8492
8536
8691
8698
8811
8821
8779
8732
9015
9077
9124
9155
9416
9400
9371
9486
9490
9538
9410
9458
9429
9291
9364
9350
9639
9660
9675
9707
9751
9785
8915
8914
8868
8840
8829
8793
8337
8346
8359
8476
8473
8440
8461
8249
8336
8349
8298
8230
8241
8813
8744
8740
8780
8778
8761
7968
7965
8067
8096
8093
8095
7800
7773
7788
7639
7620
7630
7246
7216
7152
7118
7084
7039
5624
5548
5461
6044
6022
5918
5503
5527
5608
4566
4581
4520
4199
4149
4165
3477
3533
3695
3744
3577
3496
3399
3375
3306
3201
3090
3068
3185
3200
3222
2327
2499
2313
2043
1609
1617
1620
1601
1530
1533
1372
1380
1386
1352
1412
1431
1474
1477
1498
1351
1334
1347
1379
1366
1342
1327
1345
1365
1364
1363
1378
1447
1430
1424
1279
1259
1268
1237
1213
1212
1139
1159
1170
1172
1196
1180
1201
1163
1118
1164
1177
1185
1202
1240
960
951
904
878
835
816
546
555
562
573
607
589
576
554
529
508
559
565
593
466
474
480
491
492
499
493
509
500
446
442
432
679
680
655
619
608
603
604
407
393
400
399
395
404
398
392
384
383
378
377
403
405
406
287
294
331
358
351
344
347
349
343
340
342
330
328
335
339
346
353
337
324
318
314
309
307
298
320
322
336
264
267
263
270
262
254
252
246
265
256
260
258
249
243
241
226
230
227
220
217
199
206
204
189
182
177
176
166
161
119
126
132
134
135
124
120
118
117
115
112
130
127
123
114
107
108
64
69
66
67
60
72
76
77
80
81
82
83
84
86
88
90
93
94
96
101
103
106
111
109
104
168
175
180
235
231
242
302
310
308
373
372
445
452
465
451
470
444
438
535
544
547
556
563
566
570
617
577
600
626
636
775
813
836
852
880
881
837
701
735
667
838
820
668
702
722
736
649
638
637
757
756
879
851
427
428
430
1034
984
1062
792
748
724
723
760
805
859
791
759
934
906
967
758
774
966
983
1003
1095
1125
1204
1252
1262
1263
1236
1205
1187
1255
1248
1232
1307
1282
1246
1019
1112
1152
1124
1111
1151
1217
1231
1274
1270
1117
1110
865
965
1002
933
982
1094
1088
1086
1116
1061
1078
1093
1017
905
931
932
964
981
1018
1033
952
1203
1186
1288
1306
1319
1328
1337
1298
1432
1413
1388
1382
1336
1349
1348
1354
1353
1357
1381
1300
1305
1310
1340
1309
1313
1316
1325
1323
1285
1272
1245
1181
1138
1092
1051
1001
834
755
706
734
644
628
592
564
552
553
521
526
534
520
437
410
386
379
375
363
329
341
326
295
293
277
290
279
92
97
110
116
105
99
95
70
42
45
39
31
35
36
26
20
12
8
3
9
11
13
16
22
24
40
25
28
29
19
0
