7
6
32
41
47
50
86
85
89
96
95
94
97
92
106
131
132
133
107
108
109
110
111
101
98
115
114
113
112
134
135
136
116
117
129
118
119
102
103
123
124
125
126
137
138
127
128
139
140
130
105
153
154
164
165
158
166
159
183
182
215
214
222
230
223
231
224
241
212
211
217
210
209
201
197
196
195
194
193
192
207
206
205
237
245
262
261
260
259
242
234
226
219
216
204
185
186
187
188
168
167
178
179
160
161
162
169
170
180
171
172
181
173
174
175
176
150
156
151
163
200
199
198
288
287
286
318
328
327
317
308
316
326
325
315
589
588
616
615
614
619
624
620
625
621
633
613
617
612
635
640
634
648
638
637
636
628
629
627
622
618
651
647
650
626
599
586
587
600
601
580
568
558
567
550
555
538
479
485
471
307
314
323
396
405
406
397
392
429
433
463
469
470
475
453
454
455
374
356
390
389
385
391
386
388
393
401
394
402
395
411
425
424
423
421
420
419
413
384
289
303
302
306
331
352
341
342
343
344
332
312
321
311
320
310
304
305
265
290
253
251
250
249
248
247
239
229
257
263
256
255
285
284
291
283
282
281
280
279
278
277
276
275
274
273
272
271
270
258
232
254
244
252
246
240
238
264
301
330
333
335
336
322
313
292
293
266
267
268
294
269
295
324
337
346
353
338
339
340
329
319
309
300
299
298
297
296
378
398
407
399
408
409
417
416
415
414
428
404
403
427
426
422
412
345
334
387
357
358
375
376
377
359
360
361
362
363
364
365
379
380
381
382
366
347
348
349
354
350
351
355
372
373
371
370
369
368
367
383
400
410
418
430
431
432
452
451
459
450
449
448
447
446
445
462
461
460
444
443
442
441
440
439
438
437
436
435
466
488
481
489
502
508
509
510
511
512
513
514
515
516
517
518
519
520
521
522
523
493
494
495
504
496
497
505
498
499
534
535
556
579
578
563
564
565
566
543
542
557
547
549
546
548
545
541
500
487
486
484
483
480
476
477
457
456
464
465
467
468
458
478
434
501
507
506
540
544
539
533
532
531
530
529
536
528
527
526
525
524
537
553
554
562
573
574
575
584
576
577
585
611
610
609
608
607
598
606
623
630
639
649
631
632
641
642
643
644
645
646
661
660
659
658
657
655
656
654
653
652
597
596
595
605
604
603
602
594
593
592
591
590
581
569
559
551
552
570
560
571
582
561
572
583
474
473
492
491
503
490
482
472
218
225
233
235
227
220
221
228
236
243
191
190
189
37
35
38
46
40
45
39
54
52
82
93
91
90
88
73
72
74
75
76
81
77
78
79
80
104
100
99
122
121
120
144
149
143
148
155
147
142
141
146
145
177
184
203
213
208
202
157
152
83
87
84
55
48
42
9
10
11
1
14
13
33
15
16
2
17
18
19
20
21
3
22
23
34
24
25
4
26
27
28
29
30
5
31
44
51
67
66
71
65
64
70
63
62
61
69
60
59
68
58
53
56
57
49
43
36
12
8
0
